J0023+0923 	 2012	 2012	 1.40703	 0.100356	0.333688	0.333688	0.333688	0.333688	0.333688	0.333688	0.333688	0.186572	0.186572	0.186572	0.186572	0.186572	1.30312	0.781875	0.781875	0.781875	0.781875	0.781875	0.781875	0.781875	0.781875	0.781875
J0030+0451 	 2012	 2005	 1.48615	 0.1309	0.435367	0.435367	0.435367	0.435367	0.435367	0.435367	0.435367	0.339346	0.339346	0.339346	0.339346	0.339346	2.37018	1.42211	1.42211	1.42211	1.42211	1.42211	1.42211	1.42211	1.42211	1.42211
J1022+1001 	 2015	 2015	 1.39597	 2.71399	0.983152	0.983152	0.983152	0.983152	0.983152	0.983152	0.983152	0.983152	0.983152	0.983152	0.234601	0.234601	1.63859	0.983152	0.983152	0.983152	0.983152	0.983152	0.983152	0.983152	0.983152	0.983152
J1453+1902 	 2014	 2014	 1.2386	 3.89645	nan	nan	nan	nan	nan	nan	nan	nan	nan	1.14485	1.14485	1.14485	7.9963	4.79778	4.79778	4.79778	4.79778	4.79778	4.79778	4.79778	4.79778	4.79778
J1640+2224 	 2012	 2005	 1.17984	 4.36332	0.243038	0.243038	0.243038	0.243038	0.243038	0.243038	0.243038	0.202846	0.202846	0.202846	0.202846	0.202846	1.41679	0.850072	0.850072	0.850072	0.850072	0.850072	0.850072	0.850072	0.850072	0.850072
J1738+0333 	 2012	 2010	 1.50884	 4.6164	1.06532	1.06532	1.06532	1.06532	1.06532	1.06532	1.06532	0.836455	0.836455	0.836455	0.836455	0.836455	5.84227	3.50536	3.50536	3.50536	3.50536	3.50536	3.50536	3.50536	3.50536	3.50536
J1741+1351 	 2012	 2010	 1.32907	 4.62949	0.0934603	0.0934603	0.0934603	0.0934603	0.0934603	0.0934603	0.0934603	0.106442	0.106442	0.106442	0.106442	0.106442	0.743453	0.446072	0.446072	0.446072	0.446072	0.446072	0.446072	0.446072	0.446072	0.446072
J1853+1303 	 2012	 2009	 1.34303	 4.94365	0.381582	0.381582	0.381582	0.381582	0.381582	0.381582	0.381582	0.2151	0.2151	0.2151	0.2151	0.2151	1.50238	0.901426	0.901426	0.901426	0.901426	0.901426	0.901426	0.901426	0.901426	0.901426
B1855+09 	 2012	 2005	 1.41372	 4.95237	0.121562	0.121562	0.121562	0.121562	0.121562	0.121562	0.121562	0.217888	0.217888	0.217888	0.217888	0.217888	1.52185	0.913113	0.913113	0.913113	0.913113	0.913113	0.913113	0.913113	0.913113	0.913113
J1903+0327 	 2012	 2010	 1.51058	 4.98728	1.48401	1.48401	1.48401	1.48401	1.48401	1.48401	1.48401	1.07479	1.07479	1.07479	1.07479	1.07479	7.50696	4.50417	4.50417	4.50417	4.50417	4.50417	4.50417	4.50417	4.50417	4.50417
J1910+1256 	 2012	 2005	 1.34507	 5.01782	1.03368	1.03368	1.03368	1.03368	1.03368	1.03368	1.03368	0.813336	0.813336	0.813336	0.813336	0.813336	5.68079	3.40848	3.40848	3.40848	3.40848	3.40848	3.40848	3.40848	3.40848	3.40848
J1911+1347 	 2014	 2014	 1.33023	 5.02218	nan	nan	nan	nan	nan	nan	nan	nan	nan	0.267876	0.267876	0.267876	1.871	1.1226	1.1226	1.1226	1.1226	1.1226	1.1226	1.1226	1.1226	1.1226
J1923+2515 	 2012	 2011	 1.1301	 5.07454	0.586372	0.586372	0.586372	0.586372	0.586372	0.586372	0.586372	0.379123	0.379123	0.379123	0.379123	0.379123	2.64801	1.5888	1.5888	1.5888	1.5888	1.5888	1.5888	1.5888	1.5888	1.5888
J1944+0907 	 2012	 2008	 1.41168	 5.16617	0.431268	0.431268	0.431268	0.431268	0.431268	0.431268	0.431268	0.402377	0.402377	0.402377	0.402377	0.402377	2.81043	1.68626	1.68626	1.68626	1.68626	1.68626	1.68626	1.68626	1.68626	1.68626
J1946+3417 	 2015	 2015	 0.972439	 5.1749	3.55356	3.55356	3.55356	3.55356	3.55356	3.55356	3.55356	3.55356	3.55356	3.55356	0.847956	0.847956	5.9226	3.55356	3.55356	3.55356	3.55356	3.55356	3.55356	3.55356	3.55356	3.55356
B1953+29 	 2012	 2007	 1.06465	 5.20544	1.58073	1.58073	1.58073	1.58073	1.58073	1.58073	1.58073	0.505546	0.505546	0.505546	0.505546	0.505546	3.53101	2.11861	2.11861	2.11861	2.11861	2.11861	2.11861	2.11861	2.11861	2.11861
J2017+0603 	 2012	 2011	 1.4652	 5.31016	0.774095	0.774095	0.774095	0.774095	0.774095	0.774095	0.774095	0.482518	0.482518	0.482518	0.482518	0.482518	3.37018	2.02211	2.02211	2.02211	2.02211	2.02211	2.02211	2.02211	2.02211	2.02211
J2033+1734 	 2014	 2014	 1.2642	 5.37998	nan	nan	nan	nan	nan	nan	nan	nan	nan	0.56544	0.56544	0.56544	3.94935	2.36961	2.36961	2.36961	2.36961	2.36961	2.36961	2.36961	2.36961	2.36961
J2043+1711 	 2012	 2012	 1.27089	 5.42361	0.464309	0.464309	0.464309	0.464309	0.464309	0.464309	0.464309	0.202953	0.202953	0.202953	0.202953	0.202953	1.41754	0.850522	0.850522	0.850522	0.850522	0.850522	0.850522	0.850522	0.850522	0.850522
J2214+3000 	 2012	 2010	 1.0472	 5.82067	5.19846	5.19846	5.19846	5.19846	5.19846	5.19846	5.19846	0.92237	0.92237	0.92237	0.92237	0.92237	6.44235	3.86541	3.86541	3.86541	3.86541	3.86541	3.86541	3.86541	3.86541	3.86541
J2229+2643 	 2014	 2014	 1.1045	 5.88612	nan	nan	nan	nan	nan	nan	nan	nan	nan	0.319486	0.319486	0.319486	2.23147	1.33888	1.33888	1.33888	1.33888	1.33888	1.33888	1.33888	1.33888	1.33888
J2234+0611 	 2014	 2014	 1.46288	 5.90794	0.819995	0.819995	0.819995	0.819995	0.819995	0.819995	0.819995	0.819995	0.819995	0.195668	0.195668	0.195668	1.36666	0.819995	0.819995	0.819995	0.819995	0.819995	0.819995	0.819995	0.819995	0.819995
J2234+0944 	 2014	 2014	 1.40092	 5.90794	nan	nan	nan	nan	nan	nan	nan	nan	nan	0.450075	0.450075	0.450075	3.14358	1.88615	1.88615	1.88615	1.88615	1.88615	1.88615	1.88615	1.88615	1.88615
J2317+1439 	 2012	 2005	 1.31511	 6.09556	0.346222	0.346222	0.346222	0.346222	0.346222	0.346222	0.346222	0.160444	0.160444	0.160444	0.160444	0.160444	1.12063	0.67238	0.67238	0.67238	0.67238	0.67238	0.67238	0.67238	0.67238	0.67238
J2322+2057 	 2015	 2015	 1.20515	 6.11738	1.11882	1.11882	1.11882	1.11882	1.11882	1.11882	1.11882	1.11882	1.11882	1.11882	0.266975	0.266975	1.86471	1.11882	1.11882	1.11882	1.11882	1.11882	1.11882	1.11882	1.11882	1.11882
B1257+12 	 2016	 2016	 1.36136	 3.3903	2.74168	2.74168	2.74168	2.74168	2.74168	2.74168	2.74168	2.74168	2.74168	2.74168	2.74168	0.654225	4.56947	2.74168	2.74168	2.74168	2.74168	2.74168	2.74168	2.74168	2.74168	2.74168
J0557+1551 	 2016	 2016	 1.29416	 1.55771	4.56901	4.56901	4.56901	4.56901	4.56901	4.56901	4.56901	4.56901	4.56901	4.56901	4.56901	1.09026	7.61502	4.56901	4.56901	4.56901	4.56901	4.56901	4.56901	4.56901	4.56901	4.56901
J0621+2514 	 2016	 2016	 1.13039	 1.66243	4.93999	4.93999	4.93999	4.93999	4.93999	4.93999	4.93999	4.93999	4.93999	4.93999	4.93999	1.17879	8.23332	4.93999	4.93999	4.93999	4.93999	4.93999	4.93999	4.93999	4.93999	4.93999
J0709+0458 	 2016	 2016	 1.48411	 1.87187	4.7187	4.7187	4.7187	4.7187	4.7187	4.7187	4.7187	4.7187	4.7187	4.7187	4.7187	1.12598	7.8645	4.7187	4.7187	4.7187	4.7187	4.7187	4.7187	4.7187	4.7187	4.7187
J1312+0051 	 2016	 2016	 1.55596	 3.45575	4.48389	4.48389	4.48389	4.48389	4.48389	4.48389	4.48389	4.48389	4.48389	4.48389	4.48389	1.06995	7.47315	4.48389	4.48389	4.48389	4.48389	4.48389	4.48389	4.48389	4.48389	4.48389
J1745+1017 	 2016	 2016	 1.39132	 4.64694	0.905997	0.905997	0.905997	0.905997	0.905997	0.905997	0.905997	0.905997	0.905997	0.905997	0.905997	0.21619	1.50999	0.905997	0.905997	0.905997	0.905997	0.905997	0.905997	0.905997	0.905997	0.905997
