J0023+0923 2012 2012 1.40703 0.100356 0.333688 0.333688 0.333688 0.333688 0.333688 0.333688 0.333688 0.186572 0.186572 0.186572 0.186572 0.186572 0.186572 0.928859707081 0.557315824249 0.557315824249 0.557315824249 0.557315824249 0.557315824249 0.557315824249 0.557315824249 0.557315824249
J0030+0451 2012 2005 1.48615 0.1309 0.435367 0.435367 0.435367 0.435367 0.435367 0.435367 0.435367 0.339346 0.339346 0.339346 0.339346 0.339346 0.339346 1.68945036788 1.01367022073 100 100 100 100 100 100 100
J1022+1001 2015 2015 1.39597 2.71399 0.983152 0.983152 0.983152 0.983152 0.983152 0.983152 0.983152 0.983152 0.983152 0.983152 0.234601 0.234601 0.234601 1.16797454203 0.700784725219 0.700784725219 0.700784725219 0.700784725219 0.700784725219 0.700784725219 0.700784725219 0.700784725219
J1453+1902 2014 2014 1.2386 3.89645 nan nan nan nan nan nan nan nan nan 1.14485 1.14485 1.14485 1.14485 5.69971578787 3.41982947272 100 100 100 100 100 100 100
J1640+2224 2012 2005 1.17984 4.36332 0.243038 0.243038 0.243038 0.243038 0.243038 0.243038 0.243038 0.202846 0.202846 0.202846 0.202846 0.202846 0.202846 1.00987751083 0.605926506499 0.605926506499 0.605926506499 0.605926506499 0.605926506499 0.605926506499 0.605926506499 0.605926506499
J1738+0333 2012 2010 1.50884 4.6164 1.06532 1.06532 1.06532 1.06532 1.06532 1.06532 1.06532 0.836455 0.836455 0.836455 0.836455 0.836455 0.836455 4.16433778425 2.49860267055 100 100 100 100 100 100 100
J1741+1351 2012 2010 1.32907 4.62949 0.0934603 0.0934603 0.0934603 0.0934603 0.0934603 0.0934603 0.0934603 0.106442 0.106442 0.106442 0.106442 0.106442 0.106442 0.529929045142 0.317957427085 0.317957427085 0.317957427085 0.317957427085 0.317957427085 0.317957427085 0.317957427085 0.317957427085
J1853+1303 2012 2009 1.34303 4.94365 0.381582 0.381582 0.381582 0.381582 0.381582 0.381582 0.381582 0.2151 0.2151 0.2151 0.2151 0.2151 0.2151 1.07088507799 0.642531046795 0.642531046795 0.642531046795 0.642531046795 0.642531046795 0.642531046795 0.642531046795 0.642531046795
B1855+09 2012 2005 1.41372 4.95237 0.121562 0.121562 0.121562 0.121562 0.121562 0.121562 0.121562 0.217888 0.217888 0.217888 0.217888 0.217888 0.217888 1.08476894086 0.650861364516 0.650861364516 0.650861364516 0.650861364516 0.650861364516 0.650861364516 0.650861364516 0.650861364516
J1903+0327 2012 2010 1.51058 4.98728 1.48401 1.48401 1.48401 1.48401 1.48401 1.48401 1.48401 1.07479 1.07479 1.07479 1.07479 1.07479 1.07479 5.35091557205 3.21054934323 100 100 100 100 100 100 100
J1910+1256 2012 2005 1.34507 5.01782 1.03368 1.03368 1.03368 1.03368 1.03368 1.03368 1.03368 0.813336 0.813336 0.813336 0.813336 0.813336 0.813336 4.04923751456 2.42954250874 100 100 100 100 100 100 100
J1911+1347 2014 2014 1.33023 5.02218 nan nan nan nan nan nan nan nan nan 0.267876 0.267876 0.267876 0.267876 1.3336364969 0.800181898138 0.800181898138 0.800181898138 0.800181898138 0.800181898138 0.800181898138 0.800181898138 0.800181898138
J1923+2515 2012 2011 1.1301 5.07454 0.586372 0.586372 0.586372 0.586372 0.586372 0.586372 0.586372 0.379123 0.379123 0.379123 0.379123 0.379123 0.379123 1.88748376077 1.13249025646 100 100 100 100 100 100 100
J1944+0907 2012 2008 1.41168 5.16617 0.431268 0.431268 0.431268 0.431268 0.431268 0.431268 0.431268 0.402377 0.402377 0.402377 0.402377 0.402377 0.402377 2.00325476823 1.20195286094 100 100 100 100 100 100 100
J1946+3417 2015 2015 0.972439 5.1749 3.55356 3.55356 3.55356 3.55356 3.55356 3.55356 3.55356 3.55356 3.55356 3.55356 0.847956 0.847956 0.847956 4.22159543241 2.53295725945 100 100 100 100 100 100 100
B1953+29 2012 2007 1.06465 5.20544 1.58073 1.58073 1.58073 1.58073 1.58073 1.58073 1.58073 0.505546 0.505546 0.505546 0.505546 0.505546 0.505546 2.51688704841 1.51013222905 100 100 100 100 100 100 100
J2017+0603 2012 2011 1.4652 5.31016 0.774095 0.774095 0.774095 0.774095 0.774095 0.774095 0.774095 0.482518 0.482518 0.482518 0.482518 0.482518 0.482518 2.40224429324 1.44134657594 100 100 100 100 100 100 100
J2033+1734 2014 2014 1.2642 5.37998 nan nan nan nan nan nan nan nan nan 0.56544 0.56544 0.56544 0.56544 2.81507377761 1.68904426656 100 100 100 100 100 100 100
J2043+1711 2012 2012 1.27089 5.42361 0.464309 0.464309 0.464309 0.464309 0.464309 0.464309 0.464309 0.202953 0.202953 0.202953 0.202953 0.202953 0.202953 1.0104122372 0.60624734232 0.60624734232 0.60624734232 0.60624734232 0.60624734232 0.60624734232 0.60624734232 0.60624734232
J2214+3000 2012 2010 1.0472 5.82067 5.19846 5.19846 5.19846 5.19846 5.19846 5.19846 5.19846 0.92237 0.92237 0.92237 0.92237 0.92237 0.92237 4.59206861905 2.75524117143 100 100 100 100 100 100 100
J2229+2643 2014 2014 1.1045 5.88612 nan nan nan nan nan nan nan nan nan 0.319486 0.319486 0.319486 0.319486 1.5905767575 0.954346054497 0.954346054497 0.954346054497 0.954346054497 0.954346054497 0.954346054497 0.954346054497 0.954346054497
J2234+0611 2014 2014 1.46288 5.90794 0.819995 0.819995 0.819995 0.819995 0.819995 0.819995 0.819995 0.819995 0.819995 0.195668 0.195668 0.195668 0.195668 0.974146073572 0.584487644143 0.584487644143 0.584487644143 0.584487644143 0.584487644143 0.584487644143 0.584487644143 0.584487644143
J2234+0944 2014 2014 1.40092 5.90794 nan nan nan nan nan nan nan nan nan 0.450075 0.450075 0.450075 0.450075 2.24072504735 1.34443502841 100 100 100 100 100 100 100
J2317+1439 2012 2005 1.31511 6.09556 0.346222 0.346222 0.346222 0.346222 0.346222 0.346222 0.346222 0.160444 0.160444 0.160444 0.160444 0.160444 0.160444 0.798780715554 0.479268429332 0.479268429332 0.479268429332 0.479268429332 0.479268429332 0.479268429332 0.479268429332 0.479268429332
J2322+2057 2015 2015 1.20515 6.11738 1.11882 1.11882 1.11882 1.11882 1.11882 1.11882 1.11882 1.11882 1.11882 1.11882 0.266975 0.266975 0.266975 1.32915138568 0.797490831409 0.797490831409 0.797490831409 0.797490831409 0.797490831409 0.797490831409 0.797490831409 0.797490831409
B1257+12 2016 2016 1.36136 3.3903 2.74168 2.74168 2.74168 2.74168 2.74168 2.74168 2.74168 2.74168 2.74168 2.74168 2.74168 0.654225 0.654225 3.25709260842 1.95425556505 100 100 100 100 100 100 100
J0557+1551 2016 2016 1.29416 1.55771 4.56901 4.56901 4.56901 4.56901 4.56901 4.56901 4.56901 4.56901 4.56901 4.56901 4.56901 1.09026 1.09026 5.42794111348 3.25676466809 100 100 100 100 100 100 100
J0621+2514 2016 2016 1.13039 1.66243 4.93999 4.93999 4.93999 4.93999 4.93999 4.93999 4.93999 4.93999 4.93999 4.93999 4.93999 1.17879 1.17879 5.86866029787 3.52119617872 100 100 100 100 100 100 100
J0709+0458 2016 2016 1.48411 1.87187 4.7187 4.7187 4.7187 4.7187 4.7187 4.7187 4.7187 4.7187 4.7187 4.7187 4.7187 1.12598 1.12598 5.605769676 3.3634618056 100 100 100 100 100 100 100
J1312+0051 2016 2016 1.55596 3.45575 4.48389 4.48389 4.48389 4.48389 4.48389 4.48389 4.48389 4.48389 4.48389 4.48389 4.48389 1.06995 1.06995 5.32681572679 3.19608943608 100 100 100 100 100 100 100
J1745+1017 2016 2016 1.39132 4.64694 0.905997 0.905997 0.905997 0.905997 0.905997 0.905997 0.905997 0.905997 0.905997 0.905997 0.905997 0.21619 0.21619 1.07631568551 0.645789411305 0.645789411305 0.645789411305 0.645789411305 0.645789411305 0.645789411305 0.645789411305 0.645789411305
