J0023+0923 	 2012	 2012	 1.40703	 0.100356	0.333688	0.333688	0.333688	0.333688	0.333688	0.333688	0.333688	0.186572	0.186572	0.186572	0.186572	0.186572	0.0634772	0.0445208	0.0497867	0.0547314	0.0547314	0.0589993	0.0608092	0.0608092	0.0608092	0.0608092
J0030+0451 	 2012	 2005	 1.48615	 0.1309	0.435367	0.435367	0.435367	0.435367	0.435367	0.435367	0.435367	0.339346	0.339346	0.339346	0.339346	0.339346	0.115903	0.0803783	0.0895272	0.098571	0.098571	0.107063	0.110331	0.110331	0.110331	0.110331
J1640+2224 	 2012	 2005	 1.17984	 4.36332	0.243038	0.243038	0.243038	0.243038	0.243038	0.243038	0.243038	0.202846	0.202846	0.202846	0.202846	0.202846	0.0757717	0.0468645	0.0468838	0.0480257	0.0538051	0.0542187	0.0558758	0.0558758	0.0597438	0.0597438
J1713+0747 	 2012	 2005	 1.43495	 4.50731	0.0738391	0.0738391	0.0738391	0.0738391	0.0738391	0.0738391	0.0738391	0.0742809	0.0742809	0.0742809	0.0742809	0.0742809	0.031281	0.0193797	0.0193899	0.0198546	0.0217761	0.0219367	0.0226004	0.0226004	0.0234716	0.0234716
J1741+1351 	 2012	 2010	 1.32907	 4.62949	0.0934603	0.0934603	0.0934603	0.0934603	0.0934603	0.0934603	0.0934603	0.106442	0.106442	0.106442	0.106442	0.106442	0.0503018	0.0313924	0.0313924	0.0321568	0.0343287	0.0345794	0.03564	0.03564	0.0362731	0.0362731
J1853+1303 	 2012	 2009	 1.34303	 4.94365	0.381582	0.381582	0.381582	0.381582	0.381582	0.381582	0.381582	0.2151	0.2151	0.2151	0.2151	0.2151	0.129579	0.0826409	0.0827352	0.0846913	0.0856181	0.0862531	0.088825	0.0896546	0.0896546	0.0896546
B1855+09 	 2012	 2005	 1.41372	 4.95237	0.121562	0.121562	0.121562	0.121562	0.121562	0.121562	0.121562	0.217888	0.217888	0.217888	0.217888	0.217888	0.134555	0.0860989	0.0860989	0.0881402	0.0885887	0.0891592	0.0919329	0.0928298	0.0928298	0.0928298
J1903+0327 	 2012	 2010	 1.51058	 4.98728	1.48401	1.48401	1.48401	1.48401	1.48401	1.48401	1.48401	1.07479	1.07479	1.07479	1.07479	1.07479	0.679759	0.439235	0.439235	0.449792	0.449792	0.453484	0.46716	0.469216	0.469216	0.469216
J1923+2515 	 2012	 2011	 1.1301	 5.07454	0.586372	0.586372	0.586372	0.586372	0.586372	0.586372	0.586372	0.379123	0.379123	0.379123	0.379123	0.379123	0.235374	0.151649	0.151837	0.155538	0.155538	0.156558	0.162666	0.166991	0.166991	0.166991
J1944+0907 	 2012	 2008	 1.41168	 5.16617	0.431268	0.431268	0.431268	0.431268	0.431268	0.431268	0.431268	0.402377	0.402377	0.402377	0.402377	0.402377	0.246662	0.158239	0.158428	0.162156	0.162156	0.16339	0.170952	0.178576	0.178576	0.178576
J1738+0333 	 2012	 2010	 1.50884	 4.6164	1.06532	1.06532	1.06532	1.06532	1.06532	1.06532	1.06532	0.836455	0.836455	0.836455	0.836455	0.836455	0.409232	0.254678	0.25486	0.261108	0.275808	0.277914	0.286331	0.286331	0.286331	0.286331
J2017+0603 	 2012	 2011	 1.4652	 5.31016	0.774095	0.774095	0.774095	0.774095	0.774095	0.774095	0.774095	0.482518	0.482518	0.482518	0.482518	0.482518	0.280406	0.177474	0.177474	0.181894	0.181894	0.183103	0.195435	0.211586	0.211586	0.211586
J2043+1711 	 2012	 2012	 1.27089	 5.42361	0.464309	0.464309	0.464309	0.464309	0.464309	0.464309	0.464309	0.202953	0.202953	0.202953	0.202953	0.202953	0.111441	0.0699176	0.0710322	0.0727726	0.0727726	0.0732832	0.0788777	0.0863458	0.0863458	0.0863458
J2214+3000 	 2012	 2010	 1.0472	 5.82067	5.19846	5.19846	5.19846	5.19846	5.19846	5.19846	5.19846	0.92237	0.92237	0.92237	0.92237	0.92237	0.443092	0.274059	0.289895	0.296997	0.296997	0.299159	0.32436	0.34176	0.34176	0.34176
J1910+1256 	 2012	 2005	 1.34507	 5.01782	1.03368	1.03368	1.03368	1.03368	1.03368	1.03368	1.03368	0.813336	0.813336	0.813336	0.813336	0.813336	0.50441	0.324136	0.324136	0.331958	0.331958	0.334548	0.346032	0.352491	0.352491	0.352491
B1953+29 	 2012	 2007	 1.06465	 5.20544	1.58073	1.58073	1.58073	1.58073	1.58073	1.58073	1.58073	0.505546	0.505546	0.505546	0.505546	0.505546	0.304242	0.19423	0.19423	0.199049	0.199049	0.200493	0.211281	0.223684	0.223684	0.223684
J2317+1439 	 2012	 2005	 1.31511	 6.09556	0.346222	0.346222	0.346222	0.346222	0.346222	0.346222	0.346222	0.160444	0.160444	0.160444	0.160444	0.160444	0.0707384	0.0448034	0.0482676	0.0500466	0.0500466	0.0519119	0.0548233	0.055324	0.055324	0.055324
J1453+1902 	 2014	 2014	 1.2386	 3.89645	nan	nan	nan	nan	nan	nan	nan	nan	nan	1.14485	1.14485	1.14485	0.344578	0.213116	0.21323	0.218376	0.230397	0.232071	0.239233	0.239233	0.272832	0.286739
J1911+1347 	 2014	 2014	 1.33023	 5.02218	nan	nan	nan	nan	nan	nan	nan	nan	nan	0.267876	0.267876	0.267876	0.165776	0.106495	0.106625	0.109192	0.109192	0.110041	0.113808	0.115927	0.115927	0.115927
J2033+1734 	 2014	 2014	 1.2642	 5.37998	nan	nan	nan	nan	nan	nan	nan	nan	nan	0.56544	0.56544	0.56544	0.315817	0.198653	0.200767	0.205625	0.205625	0.20711	0.222365	0.242607	0.242607	0.242607
J2229+2643 	 2014	 2014	 1.1045	 5.88612	nan	nan	nan	nan	nan	nan	nan	nan	nan	0.319486	0.319486	0.319486	0.153378	0.0948626	0.100797	0.103286	0.103286	0.104301	0.112243	0.11678	0.11678	0.11678
J2234+0944 	 2014	 2014	 1.40092	 5.90794	nan	nan	nan	nan	nan	nan	nan	nan	nan	0.450075	0.450075	0.450075	0.214565	0.132738	0.141564	0.145038	0.145038	0.146572	0.157523	0.163339	0.163339	0.163339
J2234+0611 	 2014	 2014	 1.46288	 5.90794	0	0	0	0	0	0	0	0	0	0.195668	0.195668	0.195668	0.0934585	0.0577848	0.0618758	0.0634112	0.0634112	0.0638788	0.068743	0.071011	0.071011	0.071011
J1022+1001 	 2015	 2015	 1.39597	 2.71399	0	0	0	0	0	0	0	0	0	0	0.234601	0.234601	0.0449369	0.0277931	0.0278082	0.0293047	0.037991	0.0382709	0.0394553	0.0394553	0.0394553	0.0438476
J1946+3417 	 2015	 2015	 0.972439	 5.1749	0	0	0	0	0	0	0	0	0	0	0.847956	0.847956	0.542355	0.350162	0.350162	0.358762	0.358762	0.361266	0.375754	0.390212	0.390212	0.390212
J2322+2057 	 2015	 2015	 1.20515	 6.11738	0	0	0	0	0	0	0	0	0	0	0.266975	0.266975	0.115906	0.0739316	0.079761	0.0830894	0.0830894	0.0864499	0.0911426	0.0918054	0.0918054	0.0918054
J0557+1551 	 2016	 2016	 1.29416	 1.55771	0	0	0	0	0	0	0	0	0	0	0	1.09026	0.281245	0.17397	0.174039	0.178851	0.178851	0.225632	0.246468	0.246468	0.252724	0.252724
J0621+2514 	 2016	 2016	 1.13039	 1.66243	0	0	0	0	0	0	0	0	0	0	0	1.17879	0.340366	0.210505	0.210608	0.222001	0.222001	0.255715	0.269798	0.269798	0.270455	0.270455
J0709+0458 	 2016	 2016	 1.48411	 1.87187	0	0	0	0	0	0	0	0	0	0	0	1.12598	0.317841	0.196579	0.196672	0.233953	0.233953	0.238691	0.246054	0.246054	0.246054	0.247057
B1257+12 	 2016	 2016	 1.36136	 3.3903	0	0	0	0	0	0	0	0	0	0	0	0.654225	0.16367	0.101221	0.101277	0.103722	0.103722	0.104495	0.107702	0.107702	0.108568	0.114352
J1312+0051 	 2016	 2016	 1.55596	 3.45575	0	0	0	0	0	0	0	0	0	0	0	1.0598	0.361622	0.223656	0.223809	0.229238	0.229238	0.230911	0.23799	0.23799	0.23799	0.277374
J1745+1017 	 2016	 2016	 1.39132	 4.64694	0	0	0	0	0	0	0	0	0	0	0	0.21619	0.105911	0.0661563	0.0662041	0.0677924	0.0717078	0.072262	0.0744779	0.0744779	0.0748906	0.0748906
J1457+0833 	 2017	 2017	 1.42157	 3.9139	0	0	0	0	0	0	0	0	0	0	0	0	0.0969522	0.059958	0.0599887	0.0614363	0.0647924	0.0652814	0.0672893	0.0672893	0.0777909	0.0808775
J2104+0033 	 2017	 2017	 1.5612	 5.51524	0	0	0	0	0	0	0	0	0	0	0	0	0.169483	0.105314	0.105397	0.107987	0.107987	0.108711	0.118947	0.133424	0.133424	0.133424
J0127+2155 	 2018	 2018	 1.18828	 0.379609	0	0	0	0	0	0	0	0	0	0	0	0	nan	0.0478511	0.0650062	0.076044	0.076044	0.0816018	0.0843632	0.0843632	0.0864444	0.0864444
J1924+1016 	 2018	 2018	 1.39161	 5.07891	0	0	0	0	0	0	0	0	0	0	0	0	nan	0.13292	0.133087	0.136211	0.136211	0.137302	0.142353	0.145974	0.145974	0.145974
J0138+0933 	 2019	 2019	 1.40412	 0.427606	0	0	0	0	0	0	0	0	0	0	0	0	nan	nan	0.0623293	0.0731255	0.0731255	0.0782297	0.0816018	0.0816018	0.0840237	0.0840237
J2256+2646 	 2019	 2019	 1.10363	 6.00393	0	0	0	0	0	0	0	0	0	0	0	0	nan	nan	0.100804	0.103219	0.103219	0.10607	0.112866	0.115293	0.115293	0.115293
J0121+0613 	 2020	 2020	 1.4623	 0.353429	0	0	0	0	0	0	0	0	0	0	0	0	nan	nan	nan	0.0816018	0.0816018	0.0900061	0.0927728	0.0927728	0.0927728	0.0927728
J0819+0709 	 2020	 2020	 1.44601	 2.1773	0	0	0	0	0	0	0	0	0	0	0	0	nan	nan	nan	0.0505301	0.0564201	0.0568333	0.0585815	0.0585815	0.0585815	0.0683994
J0956+1638 	 2021	 2021	 1.28049	 2.60054	0	0	0	0	0	0	0	0	0	0	0	0	nan	nan	nan	nan	0.0561916	0.0565997	0.05834	0.05834	0.05834	0.0675508
J1629+2228 	 2021	 2021	 1.17868	 4.31533	0	0	0	0	0	0	0	0	0	0	0	0	nan	nan	nan	nan	0.084066	0.0847069	0.0872832	0.0872832	0.0942852	0.0942852
J0056+2658 	 2022	 2022	 1.10014	 0.244346	0	0	0	0	0	0	0	0	0	0	0	0	nan	nan	nan	nan	nan	0.0954384	0.0984155	0.0984155	0.0984155	0.0984155
J0518+3200 	 2022	 2022	 1.01229	 1.38754	0	0	0	0	0	0	0	0	0	0	0	0	nan	nan	nan	nan	nan	0.0607713	0.0721981	0.0721981	0.0775576	0.0775576
J0409+2350 	 2023	 2023	 1.15483	 1.08647	0	0	0	0	0	0	0	0	0	0	0	0	nan	nan	nan	nan	nan	nan	0.0480707	0.0480707	0.0649867	0.0649867
J2141+1524 	 2023	 2023	 1.30202	 5.67668	0	0	0	0	0	0	0	0	0	0	0	0	nan	nan	nan	nan	nan	nan	0.11859	0.12773	0.12773	0.12773
J2050+3021 	 2024	 2024	 1.04109	 5.45415	0	0	0	0	0	0	0	0	0	0	0	0	nan	nan	nan	nan	nan	nan	nan	0.138989	0.138989	0.138989
J2109+2929 	 2024	 2024	 1.05622	 5.53706	0	0	0	0	0	0	0	0	0	0	0	0	nan	nan	nan	nan	nan	nan	nan	0.13497	0.13497	0.13497
J0352+1015 	 2025	 2025	 1.3919	 1.01229	0	0	0	0	0	0	0	0	0	0	0	0	nan	nan	nan	nan	nan	nan	nan	nan	0.063699	0.063699
J1519+1254 	 2025	 2025	 1.34565	 4.00989	0	0	0	0	0	0	0	0	0	0	0	0	nan	nan	nan	nan	nan	nan	nan	nan	0.0804298	0.0816405
J0927+1732 	 2026	 2026	 1.26478	 2.474	0	0	0	0	0	0	0	0	0	0	0	0	nan	nan	nan	nan	nan	nan	nan	nan	nan	0.068083
J1335+3600 	 2026	 2026	 0.942478	 3.55611	0	0	0	0	0	0	0	0	0	0	0	0	nan	nan	nan	nan	nan	nan	nan	nan	nan	0.0938707
